mass: 0.540 # QAV AUW
mav_name: "neo"
mu: 0.1 # total guess
max_l: 1.2306610251249996
max_m: 1.2306610251249996
max_n: 0.8 # Total guess
max_F: 27.851
tau_up_l: 0.08 # these are also total (educated) guesses
tau_up_m: 0.08
tau_up_n: 0.08
tau_up_F: 0.08
tau_down_l: 0.08
tau_down_m: 0.08
tau_down_n: 0.08
tau_down_F: 0.08
roll_P: 25.0
roll_I: 0.0
roll_D: 8.0
pitch_P: 25.0
pitch_I: 0.0
pitch_D: 8.0
yaw_P: 55.0
yaw_I: 0.0
yaw_D: 0.0
alt_P: 12.0
alt_I: 0.0
alt_D: 5.0